hs18	775211	775261	8.2357655,	8.809332,	9.662597,	8.8932125
hs17	1302382	1302512	9.1758835,	10.413231,	10.6342725,	10.349032
hs18	2772317	2772341	7.749363,	7.800042,	8.493599,	7.8124595
hs18	2917329	2917963	6.9451695,	7.553339,	8.3528005,	7.702504
hs7	5085805	5085829	3.5608365,	3.7166195,	3.9816595,	4.670415
hs7	6442687	6443474	6.47555,	8.900876,	8.83503,	8.7962875
hs5	7654215	7654239	7.0623845,	7.0896315,	5.9327965,	6.984343
hs18	9204479	9204503	7.7824745,	8.1095525,	8.839375,	8.2331315
hs20	9343582	9343606	4.3885845,	5.002112,	5.294648,	4.857333
hs16	11935589	11935652	4.531144,	5.4660745,	5.5295575,	5.469517
hs19	12572199	12573939	5.436499,	4.51438,	4.9871855,	4.2765955
hs19	13617150	13617174	5.7630785,	5.0083825,	5.122428,	4.799547
hs6	13622020	13622536	5.056672,	6.0839565,	6.155119,	6.5207975
hs3	15260022	15260046	5.659496,	6.717999,	6.83398,	6.894702
hsX	15402937	15402961	8.9343,	7.909272,	8.2899475,	8.5088355
hs19	15514370	15514448	5.6723015,	6.438533,	6.6306435,	6.559614
hs21	15743976	15745602	6.7400495,	7.312061,	7.7776125,	8.0405405
hs19	16187302	16187326	8.3144015,	8.7692775,	9.3046665,	9.334413
hs8	17580891	17580915	5.651539,	7.1640305,	7.669874,	7.2435395
hs18	18529871	18529895	6.236137,	6.694432,	7.375892,	6.9261415
hs16	18820626	18820650	3.9773995,	5.1668405,	5.4215295,	5.7113325
hs18	19321699	19321759	7.9942875,	8.5105445,	9.2131915,	8.662886
hs18	21061636	21061727	6.5562785,	6.9187485,	7.5877215,	6.8367155
hs14	21826419	21826443	5.3441345,	5.7898145,	6.4022495,	6.945862
hs18	22007923	22007989	6.3308015,	6.7653525,	7.4831025,	6.907261
hs22	22142549	22142573	5.486022,	6.4279165,	5.8732625,	5.9133645
hs7	23296850	23296874	11.149688,	12.3193105,	12.077495,	12.3327475
hs7	23455795	23455819	5.97231,	6.62849,	7.0945535,	7.71959
hs18	23671121	23671163	6.3282925,	7.0756375,	8.176256,	7.567603
hs22	24179342	24179366	7.7977905,	8.0816345,	9.426095,	8.515456
hs13	24304381	24304405	5.6599935,	6.6755925,	5.797235,	5.9249695
hs20	25056519	25056887	5.806132,	4.7059735,	5.008334,	4.654504
hs17	25629615	25629639	3.6986975,	4.2195785,	4.7089855,	5.0575485
hs13	26279338	26279362	5.103219,	6.206311,	4.71821,	5.035375
hs21	28214215	28214303	5.984272,	6.832509,	7.0507115,	7.758666
hs7	28452490	28452514	5.1893495,	5.454257,	5.7279675,	6.515209
hs13	29275200	29275498	6.2026575,	7.396801,	6.665538,	6.4327185
hs18	29598837	29598974	5.932458,	6.7963395,	7.1293485,	6.4068725
hs7	29686269	29690533	5.7243855,	6.5789195,	6.652233,	6.200287
hs21	30333754	30333778	6.0450725,	6.300743,	7.059235,	7.747376
hs10	30404314	30404409	5.508721,	6.253965,	6.431322,	6.599542
hs21	30415401	30415473	8.5285525,	8.9050195,	9.176468,	9.680069
hs2	30455543	30455677	8.0020035,	8.934996,	9.01471,	8.5240585
hs5	32379348	32379372	6.505787,	7.6413245,	8.0713305,	7.800879
hs10	32561966	32561990	5.3767625,	6.3905915,	6.3781245,	6.407529
hs18	33688534	33688843	6.5006205,	7.0376945,	7.5835115,	7.8614195
hs11	34513879	34514348	7.515219,	6.70771,	6.088973,	6.8702445
hs21	34967707	34967731	5.204956,	5.794611,	5.8131865,	6.543667
hs14	35182927	35183010	4.850896,	6.062508,	6.092391,	6.049779
hs21	35201309	35201333	5.780039,	6.687435,	6.729755,	7.533074
hs5	35230684	35230708	7.671531,	8.0108245,	8.3956625,	8.721003
hs11	35234136	35234377	8.6656855,	9.801015,	9.637391,	9.681098
hs7	35672502	35673068	4.938562,	6.0766215,	5.95892,	6.1542645
hs4	36069729	36069753	5.0413315,	6.837894,	6.395405,	5.5437005
hs13	36920389	36920416	6.413284,	7.7506485,	6.74894,	7.0695225
hs17	37441763	37441808	3.7407675,	4.6589495,	4.451877,	4.8866845
hs2	37579937	37580053	6.622539,	8.7141755,	9.1550465,	7.1862215
hs21	38445699	38445723	3.557866,	3.9636285,	4.519813,	5.27925
hs8	38775552	38775576	4.286751,	5.275493,	5.3341885,	5.404452
hs17	40555006	40555559	7.787663,	8.379664,	8.491317,	8.733627
hs21	40646348	40646372	6.0507895,	6.436149,	6.6303705,	7.240707
hs2	40679125	40679149	4.7469205,	5.78604,	5.461498,	5.804257
hs22	40717431	40717455	4.873501,	6.2438885,	6.000627,	6.393316
hs8	42042413	42042437	5.2112395,	8.234257,	7.591421,	6.8212035
hs19	42758723	42758755	6.4080005,	7.07587,	7.2454135,	6.972296
hs21	43676547	43676571	7.0649055,	7.692481,	7.8403115,	8.6202705
hs6	44415029	44415812	5.9589185,	7.1147885,	7.22708,	7.3784475
hs3	45637100	45637576	5.1996105,	6.285933,	5.9156555,	5.7447245
hs13	46716896	46716920	7.4980635,	8.7987485,	8.222183,	8.527282
hs2	46804064	46804256	6.209397,	7.186402,	6.8911465,	6.884149
hs17	47439794	47439818	5.0048745,	6.083936,	5.4067485,	5.559984
hs18	48579038	48579070	8.455819,	8.7386315,	9.5693735,	9.012284
hs13	49925196	49925220	5.777892,	8.0198315,	7.1588435,	7.5250015
hs13	50202437	50202529	4.459222,	5.697304,	4.957049,	4.8170855
hs19	50379201	50379400	6.06256,	7.3071235,	7.57196,	7.61786
hs13	50587963	50588075	6.888817,	8.0512715,	7.10078,	7.1264175
hs14	50626554	50626578	5.0895885,	5.5283955,	5.7995885,	6.2686335
hs6	50812587	50813907	6.6970695,	5.6162545,	5.8709155,	6.3874145
hs14	50917262	50917286	5.164481,	5.3261185,	5.9600545,	6.657945
hs19	51330035	51330117	5.7607515,	5.0113775,	5.43294,	4.799455
hs18	51678598	51680706	6.082358,	6.736849,	7.8096615,	6.557537
hs3	52350395	52350419	5.0624955,	4.103679,	4.5030545,	3.9678085
hs19	52517575	52518569	7.1465225,	7.846846,	8.254397,	7.589066
hs14	52781052	52781204	5.404516,	6.180904,	6.8550575,	6.155664
hs5	52781520	52781749	9.3237955,	8.545534,	8.346953,	8.3699315
hs19	53030905	53030929	6.24222,	5.3206685,	5.765062,	5.085221
hs18	53068841	53068865	7.043786,	7.732724,	8.3319905,	7.554502
hs12	53434198	53435845	4.861438,	6.3806125,	6.2027585,	6.399255
hs7	55238876	55238900	7.151723,	6.3224405,	6.577859,	5.977105
hs12	55252035	55252113	9.1432955,	6.56501,	5.945479,	8.286702
hs17	55752287	55752322	4.5658075,	5.763823,	5.723463,	6.0264225
hs12	56075374	56075463	8.3770565,	6.7549555,	7.8976005,	7.8946435
hs5	56236867	56236891	5.1719795,	6.046842,	6.4559355,	6.3285845
hs17	57351049	57351094	4.6953015,	5.196148,	5.6736975,	5.9069095
hs18	60243989	60244711	7.073934,	7.979797,	8.538993,	7.584072
hs18	61002492	61002540	5.1347725,	6.038884,	6.395064,	5.935254
hs2	61416744	61416768	5.2477145,	6.1052465,	6.1348485,	6.3667325
hs20	61463239	61463263	7.0199775,	6.447324,	6.3356955,	5.960084
hs1	62148945	62149031	5.809969,	6.3687995,	6.8394635,	6.9071845
hs11	63657721	63657745	6.1436735,	7.2053,	7.3646775,	7.419995
hs5	64887597	64887648	5.1269795,	6.1353945,	6.2726755,	6.2606115
hs16	65155787	65155815	5.583802,	6.478111,	5.8348475,	5.91943
hs11	65267848	65269694	6.3391575,	7.3876755,	7.7627385,	7.420794
hs2	65469121	65469182	6.970181,	7.7666115,	8.0793165,	8.33281
hs5	67586922	67586946	4.252474,	5.7231315,	4.978863,	5.0984935
hs14	67850158	67850222	6.2895255,	7.370515,	7.452889,	7.496768
hs13	67930388	67930432	4.3605615,	5.5436435,	5.089338,	5.2561375
hs18	67994479	67996547	7.143303,	7.404162,	8.380423,	7.528092
hs14	69254477	69254751	7.259886,	8.9276795,	8.0912445,	7.936962
hs16	69602419	69602449	6.237143,	7.051571,	7.541838,	7.7230235
hs16	69832818	69832842	3.60353,	4.3939625,	4.228515,	4.660816
hs14	70838463	70838487	5.612766,	6.1266315,	6.4840715,	6.9311535
hs8	71485757	71486223	8.0250805,	8.7872725,	9.1375735,	8.868324
hs6	74304232	74304573	6.7294345,	7.6238615,	7.814531,	7.8375795
hs14	74538280	74538337	4.3208035,	5.0784355,	5.064035,	5.456968
hs16	74700713	74700749	5.908516,	6.821163,	6.780706,	6.991851
hs13	75890658	75890682	6.6028095,	8.1964595,	7.341342,	7.288338
hs1	77093138	77093242	4.577764,	6.0952565,	5.57432,	5.2741945
hsX	77388865	77388900	4.641473,	5.611949,	5.212503,	5.0545025
hs4	77996662	77996689	4.948801,	6.2263695,	6.0557305,	6.066611
hs1	78249006	78249030	5.1355285,	5.832212,	6.1893575,	6.3709985
hs17	79813579	79813603	6.370665,	7.963843,	8.0295145,	8.050929
hs15	80733604	80733628	4.852537,	6.3414905,	6.3305215,	5.746422
hs7	81385010	81385034	9.522036,	8.6368075,	8.600312,	8.2362915
hs12	81545438	81545462	5.7195335,	6.8057595,	4.660589,	5.7127155
hs14	81939765	81939789	5.515006,	6.687469,	6.9020095,	6.9662935
hs12	83359571	83359621	5.001356,	5.4992135,	5.4340695,	5.952861
hs6	84140902	84140926	5.406228,	7.2539625,	6.5569605,	6.0227675
hs11	85779745	85779769	4.384602,	5.273317,	5.4977045,	5.6808355
hs1	87574072	87574396	3.541392,	4.5285335,	3.984961,	4.5769275
hs12	88592683	88592707	5.5660895,	6.0575915,	6.8439335,	7.2899355
hs10	90729759	90731195	4.4319255,	5.402575,	5.266669,	5.189546
hs5	94882829	94882853	3.5525125,	4.0468175,	4.4972115,	4.7594735
hs13	96444333	96446084	6.159247,	7.5111175,	7.213494,	7.1153965
hs14	97002278	97002302	5.0333215,	5.869622,	6.356776,	7.117407
hs13	98009053	98009099	5.3328215,	5.7647125,	5.866104,	6.5208425
hs7	99160859	99160886	3.8124925,	4.8923025,	5.122715,	5.153221
hs1	100435378	100435455	4.8665665,	5.976486,	5.5412725,	5.588618
hs1	100714579	100714603	4.8582505,	5.9683475,	5.9325585,	6.1466325
hs12	100731257	100731281	4.621373,	5.4007585,	5.7957005,	6.0323775
hs4	100787742	100787768	5.806555,	6.839136,	6.16168,	6.1563165
hsX	100879832	100879959	8.3531835,	9.6106415,	9.531835,	8.859828
hs12	100987538	100987598	6.325545,	6.636831,	7.5446615,	6.8734445
hs3	101311484	101311508	6.6337075,	7.9685595,	8.1071445,	7.9350225
hs14	103389592	103389982	6.2998525,	5.462665,	5.724995,	5.2024085
hs1	103491081	103491105	7.332614,	6.6287905,	6.273281,	6.096486
hs10	103596081	103596387	5.223508,	4.364487,	4.698771,	4.0850655
hs4	106163292	106163316	4.3395865,	4.618179,	5.0860815,	5.4708375
hs6	106756243	106756267	5.897603,	7.0066335,	7.095478,	6.9807765
hs9	107690464	107690488	7.4113005,	8.7527995,	8.772276,	8.6445505
hs11	110052533	110052557	5.625498,	6.443439,	6.6626005,	6.856896
hs11	111852976	111853000	6.5497345,	7.4250285,	6.999645,	7.2196635
hs7	111927225	111928121	4.8856285,	6.235839,	5.657862,	5.6416105
hs11	112023832	112024277	4.5868515,	6.001798,	4.9493935,	5.607455
hs2	112813300	112813324	6.364467,	7.440825,	6.9680375,	7.0212605
hs12	112946086	112946110	4.225207,	4.854827,	4.790323,	5.4248565
hs1	113002550	113003739	5.309946,	6.281831,	6.39787,	6.4347755
hs1	113459231	113459668	7.6418975,	8.8972095,	8.888744,	8.700363
hs13	113959961	113960796	6.329224,	7.728522,	7.149734,	7.2799715
hs6	114183046	114184164	5.6437405,	6.8943425,	6.815962,	6.6094955
hs13	114188600	114188642	3.9570955,	5.3761875,	4.7410605,	4.996027
hs4	114426162	114426186	4.248403,	5.502912,	5.194521,	5.2110365
hs7	114657754	114657778	5.127894,	5.848208,	6.140244,	6.572597
hs9	114694539	114694563	5.157945,	6.662374,	6.45561,	6.5374225
hs1	115591239	115592946	4.2042015,	5.527662,	4.812436,	4.384269
hs10	115804083	115805324	11.4590065,	10.6023335,	11.0504775,	11.3992265
hs10	115921417	115922358	4.846218,	5.2803975,	5.674527,	5.958995
hs7	116409939	116409963	4.514117,	5.0487215,	5.5883335,	5.7598975
hsX	117904530	117904616	4.772739,	5.8688655,	5.869193,	5.732583
hsX	118146893	118146967	5.2761345,	6.453023,	4.8793935,	4.875432
hs10	119100537	119100602	4.503307,	5.3624435,	5.33095,	5.6415095
hs6	123104883	123104911	7.313178,	5.726193,	5.2246725,	5.998185
hs6	126277883	126278018	5.092249,	6.144597,	6.3990765,	6.583122
hs7	127017254	127017336	5.332334,	6.3607775,	6.3992765,	6.3899805
hs5	131046301	131046325	5.1887975,	6.2884235,	6.2394485,	6.050126
hs3	133661322	133661346	8.367556,	9.906293,	9.6032955,	9.8666845
hs5	135496769	135496793	5.2172645,	6.369855,	6.33291,	6.536845
hs2	136875680	136875704	5.7787745,	7.278278,	6.271297,	6.4742875
hs6	138196990	138197106	6.3905025,	7.244075,	7.291336,	7.4556625
hs5	138268189	138268213	3.997153,	4.92692,	4.9284545,	5.0525865
hs9	139612092	139612162	5.9954595,	5.2672125,	5.523367,	4.949683
hsX	139865462	139865739	4.4802155,	3.738281,	4.0001945,	3.4527785
hs4	140314773	140314797	4.564981,	5.715491,	5.8038665,	5.640241
hs7	142998508	142999782	4.660711,	6.215824,	6.373856,	6.8141045
hs3	152052952	152052976	3.908323,	5.2382525,	4.896993,	5.444965
hs1	153430220	153430252	8.276522,	5.7281405,	5.0448505,	5.7511615
hs4	160279267	160279291	4.273139,	4.6735115,	5.146685,	5.346294
hs6	160468270	160468294	6.6882435,	7.662276,	7.418274,	7.156421
hs1	162470349	162470546	6.0375775,	6.8813605,	6.72494,	7.0840375
hs1	163112982	163117044	5.977544,	6.5354975,	7.113583,	6.7722185
hs3	172058992	172059016	7.665468,	7.9872505,	8.225971,	8.755578
hs2	172336168	172336192	4.4259885,	5.162338,	5.273039,	5.497378
hs4	174218951	174219067	6.3019095,	7.9832975,	7.218522,	6.641746
hs2	182782528	182782552	4.3277175,	5.221786,	6.126629,	6.546699
hs3	183390307	183390331	5.6823845,	6.2599075,	6.941767,	6.8739605
hs2	190647396	190647495	6.469108,	7.281342,	7.1784915,	7.438007
hs2	203425801	203425825	3.677561,	4.6135625,	4.5234165,	4.7822245
hs2	217537642	217539267	6.845757,	8.6021945,	8.6955335,	7.869497
hs1	235340073	235340097	5.044048,	5.842054,	6.0631885,	6.2297435
hs1	240653427	240655706	5.2322545,	6.715421,	6.1779275,	6.196939
hs1	243668552	243668576	4.678664,	5.487415,	6.2625045,	6.3547375